00 00 00 00 00 00 00 00 00 00 00 00 00 00 00 00 00 00 00 00 00 00 00 00 00 00 00 00 00 00 00 00 00 00 00 00 00 00 00 00 00 00 00 00 00 00 00 
00 00 00 00 00 00 00 10 12 J12 02 02 J12 12 12 J12 02 06 00 J9 06 00 00 00 00 00 00 00 00 00 00 00 00 00 00 00 00 00 00 00 00 00 00 00 00 00 00 
00 00 00 00 00 00 00 00 00 00 J5 03 00 00 00 00 05 01 12 04 07 00 00 00 00 00 00 00 00 J10 06 00 00 00 00 00 00 00 00 00 00 00 00 00 00 00 00 
00 00 00 00 00 00 00 00 00 00 05 03 00 00 00 00 05 03 00 00 00 00 00 00 00 00 00 00 00 00 J8 02 J6 00 00 00 00 00 00 00 00 00 00 00 00 00 00 
00 00 00 00 00 00 00 09 J2 02 01 E1 02 J2 02 06 05 J3 00 00 00 00 00 00 00 00 00 00 00 00 00 05 07 00 09 02 02 E6 00 00 00 00 00 00 00 00 00 
00 00 00 00 00 00 00 08 04 J4 01 01 04 04 J4 07 05 01 02 02 J6 00 00 00 00 00 00 00 00 00 00 13 00 00 J5 01 01 03 00 00 00 00 00 00 00 00 00 
00 00 00 00 00 00 00 00 00 00 05 03 00 00 00 00 05 01 04 J4 07 00 09 02 02 02 02 02 J2 02 02 01 02 02 01 01 01 01 02 J2 02 02 06 00 J14 00 00 
00 00 00 00 00 00 00 00 00 00 J5 03 00 00 00 00 05 03 00 00 00 00 05 01 01 04 04 01 04 04 04 04 04 04 04 04 01 07 08 04 04 01 04 12 07 00 00 
00 00 00 00 00 00 00 09 J2 02 01 01 J2 02 J12 06 05 03 00 00 00 00 05 01 03 J9 02 01 06 14 00 00 14 00 00 J9 01 06 00 00 00 13 00 00 00 00 00 
00 00 00 00 00 00 00 08 04 04 04 04 01 07 00 J15 08 01 J12 12 11 09 01 01 03 05 01 01 J3 13 00 00 J13 00 00 05 01 J3 J10 12 J12 01 12 J12 J11 00 00 
00 E9 02 02 02 02 02 02 02 02 02 02 01 02 02 02 02 01 02 02 02 01 J4 01 03 08 J4 04 07 J13 00 00 13 00 00 J5 01 03 00 00 00 13 00 00 00 00 00 
00 08 04 04 04 04 04 01 04 04 04 J4 04 04 04 04 01 04 04 04 04 J7 00 05 07 00 00 00 00 05 12 J12 J4 12 02 04 04 03 J10 J12 12 01 J12 J12 11 00 00 
00 00 00 00 14 00 09 01 02 02 02 06 09 06 00 09 J1 02 12 12 06 09 02 01 06 00 00 00 00 13 00 00 00 00 J13 00 00 13 00 00 00 13 00 00 00 00 00 
00 00 00 00 05 02 01 01 04 J4 04 J7 08 J4 J12 J4 01 03 00 00 13 08 J4 01 03 00 J9 02 06 J13 00 00 00 00 13 00 00 J13 10 J12 12 01 J12 12 11 00 00 
00 00 00 00 05 J1 01 03 00 00 00 00 00 00 00 00 05 03 00 00 13 00 00 05 01 02 01 J4 04 01 02 02 J12 02 03 00 00 13 00 00 00 13 00 00 00 00 00 
00 00 00 00 05 01 01 03 00 00 00 00 00 00 00 00 05 03 00 00 J13 10 J12 04 04 E4 07 00 00 08 04 J7 00 08 J7 00 00 J8 12 J12 J12 04 J12 J12 J11 00 00 
00 00 00 00 05 01 01 01 J2 02 J2 06 J9 J2 0P J2 01 03 00 00 13 00 00 00 00 00 00 00 00 00 00 00 00 00 00 00 00 00 00 00 00 00 00 00 00 00 00 
00 00 00 00 05 01 01 01 04 04 04 07 08 04 04 04 01 03 00 00 13 00 00 00 00 00 00 00 00 00 00 00 00 00 00 00 00 00 00 00 00 00 00 00 00 00 00 
00 00 00 00 05 01 J1 03 00 00 00 00 00 00 00 00 05 03 00 00 J13 00 00 00 00 00 00 00 00 00 00 00 00 00 00 00 00 00 00 00 00 00 00 00 00 00 00 
00 00 00 00 08 01 01 03 00 00 00 00 00 00 00 00 05 03 00 00 13 00 00 00 00 00 00 00 00 00 00 00 00 00 00 00 00 00 00 00 00 00 00 00 00 00 00 
00 00 00 00 00 08 04 04 12 J12 12 12 J12 12 12 J12 04 04 12 12 07 00 00 00 00 00 00 00 00 00 00 00 00 00 00 00 00 00 00 00 00 00 00 00 00 00 00 
00 00 00 00 00 00 00 00 00 00 00 00 00 00 00 00 00 00 00 00 00 00 00 00 00 00 00 00 00 00 00 00 00 00 00 00 00 00 00 00 00 00 00 00 00 00 00 